H 1 3234 1708
H 24 798 266
H 47 812 434
H 20 798 252
H 6 882 1862
H 27 364 840
H 45 1162 672
H 4 1610 3080
H 3 1008 2184
L 34 560 1148 29 490 994 0
L 35 392 854 14 406 924 0
L 18 1078 392 32 784 378 0
L 23 1134 490 36 994 448 0
L 38 448 966 46 504 1204 0
L 43 532 910 8 1246 644 0
L 19 392 826 31 392 1050 0
L 12 798 406 13 266 672 0
L 9 462 980 28 518 1064 0
L 10 294 616 11 378 826 0
L 49 392 742 21 392 826 0
T 7 350 868 22 364 952 15 406 840 0 0
T 16 322 798 41 364 854 17 392 756 0 0
T 39 784 364 2 672 1554 44 630 1302 0 0
T 42 168 378 25 322 784 26 350 728 0 0
T 37 560 1218 5 532 1386 30 728 1302 0 0
T 40 392 868 33 952 1890 48 728 1302 0 0